N;M;Insert Sort;Insert Sort with Binary Search
10;1;0.009250;0.006792
10;1;0.006125;0.007083
10;1;0.009125;0.006542
10;1;0.006375;0.006750
10;1;0.008125;0.006500
10;1;0.008042;0.006459
10;1;0.007542;0.006917
10;1;0.006292;0.006750
10;1;0.006083;0.006708
10;1;0.007875;0.007125
10;1;0.005125;0.006792
10;1;0.007708;0.007000
10;1;0.006792;0.006583
10;1;0.007208;0.006541
10;1;0.005375;0.007166
10;1;0.006541;0.006625
10;1;0.004334;0.006875
10;1;0.006958;0.006625
10;1;0.005958;0.006792
10;1;0.005541;0.006500
10;2;0.007917;0.006459
10;2;0.006042;0.006667
10;2;0.007917;0.006625
10;2;0.005708;0.007042
10;2;0.005875;0.006708
10;2;0.008916;0.006875
10;2;0.006209;0.006625
10;2;0.007083;0.006708
10;2;0.007375;0.006542
10;2;0.007958;0.006667
10;2;0.005917;0.006958
10;2;0.006750;0.006875
10;2;0.008000;0.006708
10;2;0.008000;0.006500
10;2;0.006500;0.006541
10;2;0.007459;0.006542
10;2;0.006916;0.006834
10;2;0.006750;0.006625
10;2;0.008875;0.006750
10;2;0.005709;0.007167
10;5;0.007875;0.006458
10;5;0.007042;0.006750
10;5;0.008375;0.006375
10;5;0.008041;0.006125
10;5;0.006083;0.006459
10;5;0.006667;0.006916
10;5;0.006334;0.007292
10;5;0.006333;0.007041
10;5;0.006750;0.006667
10;5;0.006750;0.006833
10;5;0.005875;0.007250
10;5;0.007875;0.006625
10;5;0.006708;0.006625
10;5;0.007708;0.006542
10;5;0.007083;0.006500
10;5;0.005709;0.006625
10;5;0.006708;0.006833
10;5;0.007208;0.006500
10;5;0.007000;0.006667
10;5;0.005542;0.006333
10;10;0.005167;0.006667
10;10;0.005166;0.006750
10;10;0.007542;0.007000
10;10;0.005208;0.006250
10;10;0.008208;0.006667
10;10;0.008458;0.006625
10;10;0.008792;0.006542
10;10;0.007959;0.006416
10;10;0.006375;0.006959
10;10;0.006000;0.006541
10;10;0.006792;0.007209
10;10;0.008250;0.006709
10;10;0.006458;0.006750
10;10;0.006542;0.007000
10;10;0.007875;0.006667
10;10;0.007916;0.006333
10;10;0.006458;0.006834
10;10;0.007875;0.006750
10;10;0.008666;0.006292
10;10;0.005166;0.006459
10;50;0.008959;0.007708
10;50;0.010166;0.007292
10;50;0.009041;0.007584
10;50;0.009083;0.007042
10;50;0.008083;0.007250
10;50;0.007083;0.007167
10;50;0.009916;0.007416
10;50;0.007208;0.007000
10;50;0.009209;0.007125
10;50;0.008416;0.007666
10;50;0.008833;0.007542
10;50;0.008333;0.007625
10;50;0.010125;0.007208
10;50;0.006083;0.007375
10;50;0.008292;0.007584
10;50;0.008500;0.007334
10;50;0.006584;0.007125
10;50;0.008417;0.007500
10;50;0.009875;0.007542
10;50;0.008166;0.007375
10;100;0.009083;0.007167
10;100;0.009000;0.007583
10;100;0.007583;0.007125
10;100;0.006000;0.007083
10;100;0.007625;0.007000
10;100;0.008083;0.007625
10;100;0.007875;0.007291
10;100;0.007833;0.007208
10;100;0.007000;0.007167
10;100;0.006875;0.006917
10;100;0.007667;0.007500
10;100;0.009167;0.007625
10;100;0.005667;0.007458
10;100;0.009666;0.007625
10;100;0.008000;0.007500
10;100;0.007000;0.007833
10;100;0.016333;0.008625
10;100;0.009750;0.008375
10;100;0.008042;0.008333
10;100;0.008583;0.007833
10;200;0.009833;0.009917
10;200;0.008584;0.008291
10;200;0.009417;0.008250
10;200;0.008917;0.008667
10;200;0.009625;0.008042
10;200;0.008708;0.007917
10;200;0.007583;0.008250
10;200;0.007959;0.007916
10;200;0.007708;0.008167
10;200;0.006833;0.006750
10;200;0.007000;0.006708
10;200;0.005542;0.006167
10;200;0.006916;0.006542
10;200;0.006167;0.006708
10;200;0.006750;0.006417
10;200;0.006084;0.006333
10;200;0.007458;0.006625
10;200;0.006958;0.006250
10;200;0.006583;0.006875
10;200;0.006375;0.006500
10;300;0.007041;0.007791
10;300;0.008334;0.007709
10;300;0.008500;0.007333
10;300;0.007542;0.007416
10;300;0.007709;0.007167
10;300;0.009125;0.007666
10;300;0.008667;0.007459
10;300;0.007958;0.007500
10;300;0.007458;0.007625
10;300;0.008750;0.007541
10;300;0.007125;0.007500
10;300;0.007708;0.007833
10;300;0.007167;0.007500
10;300;0.006667;0.007250
10;300;0.007834;0.007375
10;300;0.008125;0.007791
10;300;0.007458;0.007416
10;300;0.007667;0.007584
10;300;0.007083;0.007791
10;300;0.007583;0.007833
10;500;0.006834;0.008125
10;500;0.009750;0.008708
10;500;0.008083;0.007708
10;500;0.009334;0.008583
10;500;0.008750;0.008000
10;500;0.009084;0.007875
10;500;0.007500;0.007792
10;500;0.008750;0.007917
10;500;0.009583;0.008208
10;500;0.008291;0.007750
10;500;0.006250;0.007250
10;500;0.007417;0.007791
10;500;0.006708;0.006958
10;500;0.008625;0.008334
10;500;0.008167;0.007875
10;500;0.007416;0.007792
10;500;0.008917;0.007875
10;500;0.008292;0.007291
10;500;0.008250;0.007833
10;500;0.009084;0.008375
10;1000;0.008250;0.007041
10;1000;0.008292;0.007375
10;1000;0.007583;0.006833
10;1000;0.006458;0.006875
10;1000;0.009000;0.007458
10;1000;0.006000;0.006750
10;1000;0.007833;0.006958
10;1000;0.008667;0.007792
10;1000;0.007333;0.006959
10;1000;0.007625;0.007333
10;1000;0.008459;0.007167
10;1000;0.006625;0.006458
10;1000;0.006542;0.006667
10;1000;0.008416;0.007375
10;1000;0.005084;0.006125
10;1000;0.007416;0.006916
10;1000;0.007750;0.007083
10;1000;0.007250;0.007208
10;1000;0.006792;0.006916
10;1000;0.007334;0.006750
20;1;0.014625;0.011834
20;1;0.013041;0.011167
20;1;0.011834;0.010625
20;1;0.012750;0.011000
20;1;0.014792;0.011208
20;1;0.012167;0.010875
20;1;0.015334;0.011417
20;1;0.012458;0.011083
20;1;0.013583;0.011584
20;1;0.014291;0.011250
20;1;0.012792;0.011625
20;1;0.014666;0.011417
20;1;0.014833;0.011209
20;1;0.014375;0.011042
20;1;0.013125;0.014208
20;1;0.013042;0.011583
20;1;0.014542;0.011291
20;1;0.012917;0.011583
20;1;0.013291;0.011208
20;1;0.013292;0.011250
20;2;0.013041;0.010708
20;2;0.012875;0.011417
20;2;0.011958;0.010833
20;2;0.013917;0.011542
20;2;0.016334;0.011208
20;2;0.012125;0.011209
20;2;0.013916;0.011084
20;2;0.013541;0.010917
20;2;0.010709;0.011375
20;2;0.012375;0.011083
20;2;0.014500;0.011417
20;2;0.014875;0.011541
20;2;0.011167;0.010833
20;2;0.013000;0.011291
20;2;0.016750;0.011167
20;2;0.012083;0.010875
20;2;0.012292;0.011000
20;2;0.013583;0.011125
20;2;0.015208;0.010792
20;2;0.015959;0.011875
20;5;0.015583;0.011125
20;5;0.012667;0.010958
20;5;0.018042;0.011250
20;5;0.011084;0.010791
20;5;0.013750;0.011458
20;5;0.014250;0.010959
20;5;0.016166;0.011375
20;5;0.013750;0.011459
20;5;0.011708;0.011334
20;5;0.012291;0.010875
20;5;0.014750;0.011292
20;5;0.014500;0.011291
20;5;0.013000;0.011291
20;5;0.014667;0.011041
20;5;0.014542;0.011709
20;5;0.012917;0.011125
20;5;0.014792;0.011292
20;5;0.012917;0.011041
20;5;0.014083;0.011375
20;5;0.014208;0.010625
20;10;0.015583;0.011250
20;10;0.011917;0.010958
20;10;0.014000;0.011542
20;10;0.013250;0.010583
20;10;0.016459;0.011250
20;10;0.011791;0.010625
20;10;0.015833;0.011084
20;10;0.016417;0.011375
20;10;0.011125;0.010917
20;10;0.012833;0.011292
20;10;0.013083;0.010625
20;10;0.012459;0.011292
20;10;0.012917;0.011708
20;10;0.014208;0.011167
20;10;0.010500;0.011208
20;10;0.014959;0.011375
20;10;0.013791;0.011708
20;10;0.016959;0.011708
20;10;0.015083;0.011500
20;10;0.014166;0.010916
20;50;0.016167;0.013709
20;50;0.017500;0.013666
20;50;0.016917;0.013333
20;50;0.018542;0.014084
20;50;0.017250;0.013917
20;50;0.015250;0.013542
20;50;0.013041;0.012833
20;50;0.017375;0.014250
20;50;0.014208;0.013125
20;50;0.014541;0.013875
20;50;0.018375;0.013916
20;50;0.021666;0.014458
20;50;0.017042;0.013000
20;50;0.015167;0.012041
20;50;0.012000;0.011208
20;50;0.014167;0.012042
20;50;0.015792;0.012208
20;50;0.013500;0.012000
20;50;0.015666;0.011458
20;50;0.013250;0.011834
20;100;0.015209;0.011708
20;100;0.013250;0.011250
20;100;0.013625;0.011500
20;100;0.013209;0.011541
20;100;0.014917;0.011459
20;100;0.010250;0.010625
20;100;0.016625;0.012375
20;100;0.017166;0.012500
20;100;0.014333;0.011708
20;100;0.013584;0.011292
20;100;0.015917;0.011291
20;100;0.014583;0.010917
20;100;0.014416;0.011167
20;100;0.014708;0.011417
20;100;0.013875;0.011417
20;100;0.013833;0.011000
20;100;0.011625;0.011041
20;100;0.014917;0.011834
20;100;0.017292;0.011167
20;100;0.011792;0.010708
20;200;0.013500;0.012292
20;200;0.016625;0.011750
20;200;0.013667;0.011542
20;200;0.014667;0.011792
20;200;0.016625;0.012625
20;200;0.016708;0.012333
20;200;0.015792;0.012042
20;200;0.013792;0.011792
20;200;0.015209;0.012500
20;200;0.015625;0.012000
20;200;0.013667;0.011458
20;200;0.013334;0.011792
20;200;0.014708;0.012125
20;200;0.014167;0.011625
20;200;0.017292;0.012500
20;200;0.014208;0.012084
20;200;0.015500;0.012417
20;200;0.015209;0.012250
20;200;0.014625;0.012125
20;200;0.015958;0.012250
20;300;0.017917;0.013958
20;300;0.016500;0.013958
20;300;0.015708;0.013917
20;300;0.015875;0.013625
20;300;0.018125;0.013917
20;300;0.017500;0.013917
20;300;0.015584;0.012833
20;300;0.016250;0.013709
20;300;0.014166;0.013375
20;300;0.015000;0.013166
20;300;0.016333;0.014250
20;300;0.015291;0.013125
20;300;0.019125;0.013542
20;300;0.016125;0.013667
20;300;0.017459;0.014250
20;300;0.015250;0.013291
20;300;0.013416;0.011542
20;300;0.013583;0.011708
20;300;0.013625;0.012042
20;300;0.012250;0.011667
20;500;0.015792;0.013125
20;500;0.015458;0.013000
20;500;0.016875;0.013000
20;500;0.015500;0.013042
20;500;0.014875;0.012708
20;500;0.016584;0.013041
20;500;0.016334;0.013000
20;500;0.015625;0.012917
20;500;0.012875;0.012166
20;500;0.017500;0.013417
20;500;0.015417;0.012625
20;500;0.016000;0.013000
20;500;0.015125;0.012875
20;500;0.015667;0.012833
20;500;0.018875;0.013625
20;500;0.015459;0.012625
20;500;0.016042;0.012875
20;500;0.015292;0.012375
20;500;0.012791;0.011875
20;500;0.014959;0.012542
20;1000;0.015958;0.014084
20;1000;0.017000;0.014250
20;1000;0.017875;0.014500
20;1000;0.019917;0.015375
20;1000;0.018584;0.015166
20;1000;0.013667;0.012625
20;1000;0.016666;0.012584
20;1000;0.013208;0.012083
20;1000;0.016791;0.012959
20;1000;0.015292;0.013000
20;1000;0.016917;0.012834
20;1000;0.015792;0.012959
20;1000;0.018208;0.013375
20;1000;0.017208;0.012959
20;1000;0.016958;0.012750
20;1000;0.013625;0.012000
20;1000;0.016500;0.012833
20;1000;0.018083;0.013625
20;1000;0.016500;0.012625
20;1000;0.017000;0.012917
40;1;0.031125;0.019125
40;1;0.029834;0.019166
40;1;0.030959;0.018875
40;1;0.036334;0.019708
40;1;0.034834;0.019334
40;1;0.029208;0.019000
40;1;0.032166;0.018834
40;1;0.034375;0.018584
40;1;0.031875;0.019000
40;1;0.033417;0.018875
40;1;0.030334;0.018791
40;1;0.033500;0.019084
40;1;0.032500;0.019416
40;1;0.033041;0.019209
40;1;0.034708;0.019084
40;1;0.028875;0.019042
40;1;0.031958;0.018500
40;1;0.032750;0.019125
40;1;0.035750;0.019209
40;1;0.029958;0.019167
40;2;0.035958;0.019209
40;2;0.031375;0.019083
40;2;0.033375;0.019291
40;2;0.032375;0.019208
40;2;0.024708;0.019042
40;2;0.029958;0.019250
40;2;0.029250;0.019000
40;2;0.038375;0.018958
40;2;0.035542;0.018792
40;2;0.035209;0.019416
40;2;0.035250;0.019583
40;2;0.028291;0.018750
40;2;0.035125;0.018292
40;2;0.028125;0.017208
40;2;0.021334;0.016500
40;2;0.028417;0.017375
40;2;0.031375;0.017292
40;2;0.030750;0.017167
40;2;0.023709;0.016916
40;2;0.030708;0.017500
40;5;0.039791;0.017416
40;5;0.029292;0.017083
40;5;0.022541;0.016584
40;5;0.027084;0.016625
40;5;0.034167;0.017292
40;5;0.022750;0.016375
40;5;0.027000;0.017292
40;5;0.030709;0.017500
40;5;0.031250;0.017875
40;5;0.024500;0.016750
40;5;0.028042;0.017625
40;5;0.026875;0.017000
40;5;0.025542;0.016750
40;5;0.027958;0.017333
40;5;0.032917;0.017041
40;5;0.028792;0.016875
40;5;0.032375;0.017625
40;5;0.029167;0.016958
40;5;0.028959;0.017208
40;5;0.025917;0.017333
40;10;0.031708;0.017583
40;10;0.030833;0.017292
40;10;0.032583;0.016834
40;10;0.022000;0.016709
40;10;0.031875;0.017458
40;10;0.028959;0.017083
40;10;0.021416;0.016417
40;10;0.023084;0.016417
40;10;0.029750;0.017167
40;10;0.030334;0.016666
40;10;0.028208;0.017333
40;10;0.028875;0.017000
40;10;0.030541;0.017459
40;10;0.027917;0.017041
40;10;0.033333;0.017333
40;10;0.028167;0.017166
40;10;0.029750;0.017041
40;10;0.029750;0.017417
40;10;0.034417;0.017083
40;10;0.032417;0.017417
40;50;0.035750;0.022041
40;50;0.032750;0.021292
40;50;0.032166;0.021084
40;50;0.035833;0.021875
40;50;0.031250;0.020833
40;50;0.038708;0.021959
40;50;0.031459;0.021333
40;50;0.035500;0.022125
40;50;0.034958;0.021291
40;50;0.033750;0.021375
40;50;0.034542;0.021083
40;50;0.034666;0.021500
40;50;0.033208;0.021084
40;50;0.035917;0.021666
40;50;0.032583;0.021500
40;50;0.036083;0.021500
40;50;0.033292;0.021458
40;50;0.032500;0.020916
40;50;0.026417;0.019625
40;50;0.029209;0.021084
40;100;0.029375;0.019833
40;100;0.030667;0.019833
40;100;0.035542;0.021292
40;100;0.028875;0.019625
40;100;0.031166;0.019834
40;100;0.031458;0.020250
40;100;0.031958;0.019875
40;100;0.028917;0.019709
40;100;0.032416;0.020416
40;100;0.035084;0.020667
40;100;0.033541;0.019875
40;100;0.033292;0.020375
40;100;0.036542;0.021000
40;100;0.032250;0.020375
40;100;0.031667;0.020166
40;100;0.033292;0.019958
40;100;0.034250;0.020542
40;100;0.030875;0.018667
40;100;0.030334;0.018834
40;100;0.025583;0.017834
40;200;0.029375;0.019417
40;200;0.030208;0.020041
40;200;0.030500;0.019958
40;200;0.024625;0.018666
40;200;0.033250;0.020333
40;200;0.035500;0.020500
40;200;0.033417;0.021125
40;200;0.027208;0.019083
40;200;0.029875;0.019625
40;200;0.037667;0.021250
40;200;0.033917;0.020042
40;200;0.031958;0.020292
40;200;0.029125;0.019334
40;200;0.033750;0.020166
40;200;0.033292;0.020958
40;200;0.030209;0.019917
40;200;0.028542;0.019666
40;200;0.032083;0.020292
40;200;0.037458;0.020958
40;200;0.034250;0.020083
40;300;0.036458;0.024458
40;300;0.036042;0.023583
40;300;0.036709;0.023333
40;300;0.031917;0.022416
40;300;0.032542;0.023208
40;300;0.036833;0.024042
40;300;0.034459;0.023417
40;300;0.035042;0.023625
40;300;0.029125;0.022000
40;300;0.035500;0.023750
40;300;0.033375;0.021792
40;300;0.028417;0.020625
40;300;0.032167;0.021458
40;300;0.034542;0.022084
40;300;0.030500;0.021333
40;300;0.030042;0.020917
40;300;0.033625;0.021917
40;300;0.030625;0.021417
40;300;0.031375;0.020750
40;300;0.028000;0.020625
40;500;0.035375;0.024042
40;500;0.036542;0.023625
40;500;0.038334;0.024375
40;500;0.040208;0.024750
40;500;0.031417;0.022250
40;500;0.036625;0.023917
40;500;0.035584;0.023584
40;500;0.028583;0.021625
40;500;0.033166;0.022916
40;500;0.035917;0.024125
40;500;0.030583;0.021750
40;500;0.026875;0.020375
40;500;0.033416;0.022459
40;500;0.035084;0.022416
40;500;0.033083;0.021666
40;500;0.033833;0.021958
40;500;0.028875;0.020625
40;500;0.033958;0.021917
40;500;0.032167;0.021250
40;500;0.030292;0.021250
40;1000;0.042125;0.027208
40;1000;0.033583;0.023959
40;1000;0.036125;0.024667
40;1000;0.035834;0.024458
40;1000;0.033833;0.024167
40;1000;0.033000;0.023583
40;1000;0.038041;0.025250
40;1000;0.040125;0.026041
40;1000;0.033917;0.022750
40;1000;0.027125;0.020750
40;1000;0.031750;0.022416
40;1000;0.032583;0.022500
40;1000;0.035209;0.023625
40;1000;0.032125;0.022708
40;1000;0.035000;0.023542
40;1000;0.031333;0.022292
40;1000;0.031625;0.022416
40;1000;0.033750;0.023208
40;1000;0.033708;0.023042
40;1000;0.033917;0.023292
60;1;0.046292;0.021750
60;1;0.044917;0.021583
60;1;0.049042;0.022292
60;1;0.052917;0.022084
60;1;0.041334;0.021875
60;1;0.045583;0.021833
60;1;0.040166;0.021416
60;1;0.041125;0.021459
60;1;0.044542;0.022000
60;1;0.049917;0.022167
60;1;0.045875;0.021750
60;1;0.044834;0.022042
60;1;0.044959;0.021875
60;1;0.040709;0.021708
60;1;0.043375;0.022000
60;1;0.045750;0.022084
60;1;0.046416;0.021750
60;1;0.036417;0.021042
60;1;0.039334;0.021958
60;1;0.041417;0.021625
60;2;0.038625;0.021459
60;2;0.042459;0.021750
60;2;0.051334;0.022208
60;2;0.043750;0.022375
60;2;0.041583;0.021416
60;2;0.039709;0.021625
60;2;0.046833;0.021750
60;2;0.042125;0.021958
60;2;0.043208;0.021792
60;2;0.048375;0.022291
60;2;0.044042;0.022000
60;2;0.050917;0.022000
60;2;0.039209;0.021666
60;2;0.051250;0.022333
60;2;0.045791;0.021958
60;2;0.047625;0.021541
60;2;0.046875;0.022000
60;2;0.052208;0.021750
60;2;0.050292;0.022083
60;2;0.040333;0.021416
60;5;0.048459;0.022208
60;5;0.050792;0.022583
60;5;0.047417;0.022542
60;5;0.048375;0.021833
60;5;0.043208;0.021500
60;5;0.043042;0.022041
60;5;0.046625;0.021667
60;5;0.053125;0.022167
60;5;0.050792;0.022333
60;5;0.046333;0.021750
60;5;0.042583;0.021417
60;5;0.046708;0.022458
60;5;0.046333;0.021542
60;5;0.040584;0.020875
60;5;0.045291;0.021417
60;5;0.048625;0.021500
60;5;0.046125;0.021458
60;5;0.041125;0.020541
60;5;0.044125;0.021083
60;5;0.039709;0.021000
60;10;0.039625;0.020625
60;10;0.047083;0.021417
60;10;0.045375;0.021667
60;10;0.044292;0.021417
60;10;0.040500;0.021292
60;10;0.043458;0.021042
60;10;0.046833;0.021041
60;10;0.042958;0.021292
60;10;0.048167;0.021250
60;10;0.043292;0.020916
60;10;0.041875;0.020542
60;10;0.046708;0.021250
60;10;0.040166;0.020958
60;10;0.042417;0.021042
60;10;0.044458;0.021583
60;10;0.047000;0.021292
60;10;0.043583;0.021375
60;10;0.049208;0.021416
60;10;0.048458;0.021834
60;10;0.039958;0.021209
60;50;0.051542;0.027167
60;50;0.047750;0.026416
60;50;0.047500;0.026083
60;50;0.048792;0.027000
60;50;0.048334;0.026542
60;50;0.049583;0.026666
60;50;0.048125;0.026542
60;50;0.053958;0.027334
60;50;0.044333;0.025667
60;50;0.048417;0.026750
60;50;0.048666;0.026375
60;50;0.050750;0.027000
60;50;0.049375;0.026875
60;50;0.049875;0.026750
60;50;0.048709;0.026125
60;50;0.049208;0.026875
60;50;0.043000;0.025500
60;50;0.049667;0.026541
60;50;0.058583;0.028291
60;50;0.049125;0.028167
60;100;0.049208;0.025292
60;100;0.047250;0.024666
60;100;0.055834;0.026084
60;100;0.052916;0.026125
60;100;0.045708;0.025000
60;100;0.053125;0.025583
60;100;0.062709;0.026916
60;100;0.050583;0.025291
60;100;0.048375;0.024667
60;100;0.048208;0.025084
60;100;0.050750;0.025542
60;100;0.048250;0.025042
60;100;0.052250;0.026000
60;100;0.048375;0.024875
60;100;0.050375;0.025667
60;100;0.038250;0.023875
60;100;0.040917;0.023583
60;100;0.046958;0.025292
60;100;0.052041;0.025750
60;100;0.054209;0.025750
60;200;0.050000;0.026417
60;200;0.055666;0.027875
60;200;0.046625;0.026375
60;200;0.054375;0.028208
60;200;0.049000;0.026958
60;200;0.054708;0.027708
60;200;0.044750;0.025875
60;200;0.053750;0.027750
60;200;0.046083;0.026125
60;200;0.052250;0.027375
60;200;0.045584;0.025959
60;200;0.056583;0.027708
60;200;0.049541;0.027041
60;200;0.047958;0.026500
60;200;0.056500;0.027834
60;200;0.054708;0.027541
60;200;0.053709;0.027500
60;200;0.046917;0.026083
60;200;0.045750;0.026667
60;200;0.054666;0.028333
60;300;0.053792;0.031417
60;300;0.051708;0.030792
60;300;0.058333;0.032000
60;300;0.052500;0.030792
60;300;0.054709;0.031250
60;300;0.049542;0.029917
60;300;0.055625;0.031875
60;300;0.055583;0.031833
60;300;0.055542;0.031542
60;300;0.052250;0.030791
60;300;0.053834;0.031084
60;300;0.060458;0.032834
60;300;0.055250;0.031334
60;300;0.058083;0.032042
60;300;0.054084;0.030708
60;300;0.053875;0.030791
60;300;0.059084;0.033500
60;300;0.052459;0.031208
60;300;0.055541;0.031208
60;300;0.050167;0.030167
60;500;0.055083;0.033417
60;500;0.052458;0.032959
60;500;0.064709;0.037000
60;500;0.058917;0.034083
60;500;0.056250;0.033791
60;500;0.054000;0.035083
60;500;0.060041;0.034500
60;500;0.058583;0.034541
60;500;0.054042;0.032875
60;500;0.057542;0.034416
60;500;0.061250;0.035375
60;500;0.052208;0.032625
60;500;0.063792;0.036042
60;500;0.058417;0.034625
60;500;0.056500;0.033750
60;500;0.054125;0.033292
60;500;0.057458;0.034209
60;500;0.055167;0.033292
60;500;0.057166;0.033792
60;500;0.055209;0.033333
60;1000;0.059208;0.038167
60;1000;0.061583;0.039208
60;1000;0.057916;0.037708
60;1000;0.058667;0.038334
60;1000;0.074041;0.043292
60;1000;0.059375;0.037875
60;1000;0.064125;0.039583
60;1000;0.063750;0.039500
60;1000;0.072833;0.042458
60;1000;0.064709;0.039417
60;1000;0.062084;0.038666
60;1000;0.069417;0.041667
60;1000;0.070000;0.041750
60;1000;0.067167;0.040917
60;1000;0.066125;0.039958
60;1000;0.066750;0.040625
60;1000;0.069250;0.041417
60;1000;0.067083;0.040834
60;1000;0.064375;0.039750
60;1000;0.059292;0.037959
80;1;0.069291;0.029500
80;1;0.079583;0.030417
80;1;0.066083;0.029584
80;1;0.078458;0.029833
80;1;0.070000;0.029750
80;1;0.074708;0.029583
80;1;0.080250;0.030375
80;1;0.073125;0.030042
80;1;0.072750;0.030250
80;1;0.069583;0.030459
80;1;0.067250;0.029458
80;1;0.063875;0.030000
80;1;0.073667;0.030166
80;1;0.071209;0.030416
80;1;0.078417;0.030042
80;1;0.072458;0.029625
80;1;0.068125;0.029458
80;1;0.071666;0.030292
80;1;0.074958;0.030333
80;1;0.069291;0.029875
80;2;0.074792;0.030292
80;2;0.078875;0.030375
80;2;0.072125;0.030625
80;2;0.078291;0.030792
80;2;0.074041;0.031166
80;2;0.078041;0.030541
80;2;0.081750;0.031292
80;2;0.078000;0.030417
80;2;0.077209;0.030875
80;2;0.078708;0.030708
80;2;0.080833;0.030541
80;2;0.076583;0.030583
80;2;0.075709;0.030375
80;2;0.075084;0.029958
80;2;0.079167;0.030917
80;2;0.068417;0.029625
80;2;0.079375;0.031000
80;2;0.070958;0.030291
80;2;0.069917;0.030167
80;2;0.072042;0.030333
80;5;0.075833;0.030709
80;5;0.072125;0.030167
80;5;0.080042;0.031125
80;5;0.072791;0.030625
80;5;0.070333;0.030000
80;5;0.073167;0.030375
80;5;0.082917;0.030417
80;5;0.073542;0.029958
80;5;0.079000;0.030750
80;5;0.075000;0.030625
80;5;0.075250;0.030375
80;5;0.083000;0.031166
80;5;0.081209;0.031209
80;5;0.068166;0.029959
80;5;0.076167;0.030667
80;5;0.080958;0.031166
80;5;0.070208;0.030125
80;5;0.062958;0.029209
80;5;0.071583;0.030417
80;5;0.076083;0.030625
80;10;0.073917;0.029959
80;10;0.076417;0.030291
80;10;0.078000;0.030750
80;10;0.065541;0.029708
80;10;0.074792;0.030042
80;10;0.080833;0.031291
80;10;0.072208;0.029792
80;10;0.072292;0.030333
80;10;0.068292;0.030041
80;10;0.085083;0.030709
80;10;0.069417;0.030167
80;10;0.076000;0.030541
80;10;0.081542;0.030917
80;10;0.071458;0.030209
80;10;0.085000;0.031750
80;10;0.087208;0.031250
80;10;0.084042;0.030958
80;10;0.074917;0.030459
80;10;0.064250;0.029625
80;10;0.075417;0.030209
80;50;0.085167;0.039750
80;50;0.078250;0.038334
80;50;0.094667;0.040875
80;50;0.075959;0.038541
80;50;0.088584;0.040250
80;50;0.080667;0.039042
80;50;0.083500;0.039000
80;50;0.069958;0.036958
80;50;0.078708;0.039000
80;50;0.078250;0.038166
80;50;0.089208;0.040375
80;50;0.078959;0.038167
80;50;0.077875;0.038375
80;50;0.077666;0.038250
80;50;0.088042;0.039833
80;50;0.088875;0.040500
80;50;0.081541;0.038791
80;50;0.074875;0.037833
80;50;0.086542;0.040000
80;50;0.078584;0.040042
80;100;0.079000;0.036583
80;100;0.082500;0.037167
80;100;0.085541;0.037667
80;100;0.079625;0.036500
80;100;0.089167;0.037500
80;100;0.081417;0.037042
80;100;0.077500;0.036292
80;100;0.087000;0.037542
80;100;0.080292;0.036292
80;100;0.079250;0.036041
80;100;0.080833;0.036542
80;100;0.076167;0.036541
80;100;0.085042;0.037166
80;100;0.096750;0.039625
80;100;0.078750;0.036459
80;100;0.077792;0.036375
80;100;0.084750;0.037208
80;100;0.082167;0.036916
80;100;0.081542;0.036958
80;100;0.082125;0.037042
80;200;0.076917;0.039375
80;200;0.084750;0.040292
80;200;0.086250;0.040416
80;200;0.092708;0.041500
80;200;0.088667;0.040792
80;200;0.078625;0.038958
80;200;0.081833;0.039667
80;200;0.086958;0.040541
80;200;0.089542;0.040916
80;200;0.090708;0.041125
80;200;0.090125;0.041417
80;200;0.087875;0.045250
80;200;0.083792;0.040166
80;200;0.093333;0.041334
80;200;0.095542;0.041458
80;200;0.086125;0.040875
80;200;0.092875;0.042583
80;200;0.084667;0.040208
80;200;0.086166;0.040875
80;200;0.087417;0.040875
80;300;0.098000;0.048208
80;300;0.099958;0.049459
80;300;0.088292;0.046458
80;300;0.106625;0.051292
80;300;0.084542;0.045750
80;300;0.099958;0.049333
80;300;0.086334;0.046208
80;300;0.087833;0.046792
80;300;0.091625;0.047542
80;300;0.088166;0.046667
80;300;0.089709;0.047250
80;300;0.094834;0.048292
80;300;0.085334;0.045750
80;300;0.081625;0.045292
80;300;0.099333;0.049500
80;300;0.087834;0.046416
80;300;0.088583;0.046959
80;300;0.087000;0.046458
80;300;0.083916;0.045834
80;300;0.094000;0.048167
80;500;0.098208;0.053708
80;500;0.112167;0.058416
80;500;0.097875;0.052584
80;500;0.096750;0.053041
80;500;0.100542;0.053667
80;500;0.108417;0.056625
80;500;0.100125;0.067916
80;500;0.106875;0.054959
80;500;0.102208;0.054541
80;500;0.095000;0.051708
80;500;0.104208;0.054792
80;500;0.085625;0.049583
80;500;0.093209;0.051792
80;500;0.111875;0.056333
80;500;0.100125;0.054167
80;500;0.096250;0.051875
80;500;0.101333;0.054000
80;500;0.096416;0.052500
80;500;0.095208;0.052417
80;500;0.098750;0.053000
80;1000;0.119917;0.066416
80;1000;0.109709;0.062625
80;1000;0.112709;0.063792
80;1000;0.101459;0.061166
80;1000;0.119375;0.066166
80;1000;0.115917;0.064583
80;1000;0.120250;0.065833
80;1000;0.114583;0.064042
80;1000;0.110041;0.062292
80;1000;0.109250;0.062125
80;1000;0.109333;0.062375
80;1000;0.115000;0.063958
80;1000;0.113416;0.064417
80;1000;0.135792;0.071292
80;1000;0.113250;0.063417
80;1000;0.119583;0.065625
80;1000;0.120667;0.066750
80;1000;0.115125;0.064250
80;1000;0.115166;0.064334
80;1000;0.117917;0.065084
100;1;0.113208;0.040750
100;1;0.116042;0.041000
100;1;0.120209;0.042917
100;1;0.106625;0.040583
100;1;0.098042;0.039875
100;1;0.105208;0.039750
100;1;0.116709;0.041417
100;1;0.108291;0.040625
100;1;0.110209;0.040750
100;1;0.125166;0.040917
100;1;0.093583;0.039459
100;1;0.107959;0.040125
100;1;0.114041;0.041041
100;1;0.104959;0.040375
100;1;0.107000;0.040875
100;1;0.117958;0.041583
100;1;0.108792;0.040875
100;1;0.109666;0.040625
100;1;0.110458;0.040583
100;1;0.112750;0.041667
100;2;0.111667;0.041042
100;2;0.115125;0.042167
100;2;0.119750;0.041583
100;2;0.119292;0.042417
100;2;0.129791;0.042416
100;2;0.112166;0.041375
100;2;0.107166;0.040625
100;2;0.122291;0.042083
100;2;0.102209;0.040875
100;2;0.122584;0.042083
100;2;0.115875;0.041916
100;2;0.110834;0.041625
100;2;0.105917;0.040959
100;2;0.120792;0.041875
100;2;0.107417;0.040792
100;2;0.121292;0.041292
100;2;0.110875;0.040958
100;2;0.109833;0.041334
100;2;0.121125;0.041458
100;2;0.110625;0.041083
100;5;0.119125;0.041417
100;5;0.113750;0.041375
100;5;0.112458;0.041000
100;5;0.111209;0.041167
100;5;0.114459;0.041292
100;5;0.107000;0.041083
100;5;0.103959;0.041250
100;5;0.117333;0.041625
100;5;0.108208;0.048584
100;5;0.120375;0.041541
100;5;0.110417;0.040750
100;5;0.120625;0.044333
100;5;0.130500;0.045792
100;5;0.131291;0.043083
100;5;0.102042;0.040083
100;5;0.112167;0.041334
100;5;0.117250;0.041542
100;5;0.118417;0.041625
100;5;0.108833;0.041417
100;5;0.105833;0.042125
100;10;0.126416;0.042125
100;10;0.123667;0.042167
100;10;0.126125;0.042583
100;10;0.105875;0.040792
100;10;0.122500;0.042375
100;10;0.121125;0.041792
100;10;0.127250;0.041666
100;10;0.122792;0.042333
100;10;0.116792;0.041833
100;10;0.130167;0.043042
100;10;0.122334;0.042166
100;10;0.133042;0.042500
100;10;0.105125;0.040416
100;10;0.128667;0.042542
100;10;0.116667;0.041500
100;10;0.120375;0.041542
100;10;0.122041;0.041500
100;10;0.121791;0.041333
100;10;0.110084;0.041000
100;10;0.118167;0.040500
100;50;0.126208;0.054416
100;50;0.115792;0.052833
100;50;0.119375;0.055250
100;50;0.130333;0.054500
100;50;0.134125;0.056875
100;50;0.113667;0.052666
100;50;0.128500;0.054625
100;50;0.139750;0.056458
100;50;0.128000;0.054375
100;50;0.131834;0.054542
100;50;0.133708;0.057333
100;50;0.131875;0.057667
100;50;0.117042;0.053166
100;50;0.116042;0.053791
100;50;0.117834;0.052875
100;50;0.125958;0.054375
100;50;0.121084;0.052958
100;50;0.118583;0.053250
100;50;0.132000;0.055792
100;50;0.129334;0.056875
100;100;0.119292;0.054458
100;100;0.119583;0.050458
100;100;0.128291;0.051041
100;100;0.129417;0.052083
100;100;0.132500;0.052000
100;100;0.127292;0.051916
100;100;0.117542;0.050208
100;100;0.130625;0.051625
100;100;0.111166;0.048708
100;100;0.131667;0.052125
100;100;0.123583;0.050916
100;100;0.120958;0.050041
100;100;0.128666;0.051166
100;100;0.118500;0.052916
100;100;0.128583;0.051458
100;100;0.123542;0.051375
100;100;0.137334;0.052958
100;100;0.129750;0.052209
100;100;0.130542;0.051667
100;100;0.135042;0.052709
100;200;0.137416;0.058541
100;200;0.127625;0.055833
100;200;0.146500;0.059292
100;200;0.138916;0.057750
100;200;0.127083;0.055500
100;200;0.121625;0.054375
100;200;0.140250;0.058167
100;200;0.135458;0.056834
100;200;0.135792;0.056917
100;200;0.147417;0.058750
100;200;0.136750;0.057916
100;200;0.127125;0.055083
100;200;0.149792;0.059208
100;200;0.137000;0.057583
100;200;0.128625;0.055542
100;200;0.131709;0.056417
100;200;0.144708;0.058459
100;200;0.124291;0.054875
100;200;0.127666;0.056208
100;200;0.137459;0.057792
100;300;0.139125;0.066667
100;300;0.137375;0.066167
100;300;0.138333;0.066583
100;300;0.141583;0.067791
100;300;0.160458;0.072042
100;300;0.146541;0.068041
100;300;0.148750;0.068917
100;300;0.142792;0.067500
100;300;0.154042;0.070334
100;300;0.144833;0.068292
100;300;0.156167;0.070458
100;300;0.135041;0.066042
100;300;0.153708;0.069791
100;300;0.140000;0.066875
100;300;0.148541;0.068333
100;300;0.137125;0.066500
100;300;0.145542;0.068125
100;300;0.128125;0.064416
100;300;0.131959;0.065042
100;300;0.124042;0.063292
100;500;0.153334;0.079458
100;500;0.162292;0.078666
100;500;0.174291;0.084750
100;500;0.152458;0.076458
100;500;0.151042;0.084625
100;500;0.161792;0.079084
100;500;0.146958;0.074958
100;500;0.161833;0.078750
100;500;0.154834;0.076708
100;500;0.167959;0.080583
100;500;0.149042;0.075417
100;500;0.159500;0.078166
100;500;0.152917;0.076709
100;500;0.158458;0.078333
100;500;0.129791;0.070125
100;500;0.160666;0.079083
100;500;0.142750;0.074250
100;500;0.144708;0.077667
100;500;0.144750;0.073875
100;500;0.131000;0.070333
100;1000;0.178458;0.093958
100;1000;0.168208;0.090875
100;1000;0.161833;0.088500
100;1000;0.162250;0.088291
100;1000;0.170875;0.091875
100;1000;0.148042;0.087042
100;1000;0.180250;0.097875
100;1000;0.176083;0.094917
100;1000;0.154667;0.089167
100;1000;0.170541;0.091209
100;1000;0.191000;0.100708
100;1000;0.162208;0.088125
100;1000;0.174125;0.092167
100;1000;0.169792;0.092250
100;1000;0.178125;0.093083
100;1000;0.173292;0.091791
100;1000;0.183000;0.095750
100;1000;0.178917;0.093292
100;1000;0.166541;0.090459
100;1000;0.176875;0.093208
200;1;0.407791;0.107333
200;1;0.452166;0.108791
200;1;0.455542;0.108333
200;1;0.456625;0.108083
200;1;0.432042;0.110334
200;1;0.431167;0.108750
200;1;0.390708;0.104541
200;1;0.442416;0.106750
200;1;0.452625;0.108250
200;1;0.382667;0.105208
200;1;0.454292;0.108166
200;1;0.426625;0.105959
200;1;0.416584;0.106541
200;1;0.435166;0.109125
200;1;0.435625;0.108292
200;1;0.425542;0.107667
200;1;0.429292;0.107584
200;1;0.449542;0.108333
200;1;0.420083;0.106291
200;1;0.435500;0.107625
200;2;0.419542;0.109250
200;2;0.408125;0.108458
200;2;0.451250;0.111167
200;2;0.449541;0.111791
200;2;0.439334;0.110708
200;2;0.465166;0.112875
200;2;0.468750;0.112208
200;2;0.450291;0.110959
200;2;0.438083;0.110250
200;2;0.473084;0.113958
200;2;0.464750;0.112459
200;2;0.439917;0.109875
200;2;0.433334;0.109459
200;2;0.464917;0.112041
200;2;0.446834;0.111500
200;2;0.422250;0.108584
200;2;0.443834;0.111000
200;2;0.440042;0.110125
200;2;0.443291;0.110458
200;2;0.452125;0.111625
200;5;0.434250;0.113542
200;5;0.459125;0.111875
200;5;0.465292;0.111000
200;5;0.462708;0.112083
200;5;0.459042;0.110042
200;5;0.479500;0.112917
200;5;0.491666;0.113750
200;5;0.429167;0.108834
200;5;0.464417;0.112375
200;5;0.421833;0.110000
200;5;0.457959;0.111500
200;5;0.461125;0.111208
200;5;0.443291;0.112584
200;5;0.450875;0.110417
200;5;0.483917;0.112958
200;5;0.455583;0.111667
200;5;0.458625;0.111333
200;5;0.424542;0.109417
200;5;0.473708;0.111292
200;5;0.438208;0.109667
200;10;0.466042;0.111875
200;10;0.462541;0.112208
200;10;0.430625;0.109542
200;10;0.478083;0.113166
200;10;0.492209;0.115750
200;10;0.454291;0.110917
200;10;0.442375;0.110417
200;10;0.448917;0.110041
200;10;0.431250;0.108500
200;10;0.478166;0.113083
200;10;0.467583;0.112334
200;10;0.440875;0.109833
200;10;0.499000;0.114666
200;10;0.446291;0.111041
200;10;0.481291;0.113250
200;10;0.399792;0.107666
200;10;0.468834;0.112292
200;10;0.484042;0.113167
200;10;0.444917;0.110875
200;10;0.419666;0.115917
200;50;0.538000;0.166292
200;50;0.485958;0.158292
200;50;0.499458;0.160542
200;50;0.474334;0.155791
200;50;0.480959;0.157791
200;50;0.525750;0.163500
200;50;0.430667;0.148042
200;50;0.470958;0.157375
200;50;0.477375;0.156583
200;50;0.450416;0.152167
200;50;0.490083;0.157708
200;50;0.476209;0.156791
200;50;0.537084;0.165625
200;50;0.457500;0.152166
200;50;0.505000;0.161750
200;50;0.479375;0.156250
200;50;0.512834;0.161750
200;50;0.506875;0.160000
200;50;0.462000;0.153750
200;50;0.448833;0.151125
200;100;0.478250;0.146667
200;100;0.490375;0.146500
200;100;0.499042;0.148917
200;100;0.516500;0.151458
200;100;0.464833;0.143458
200;100;0.456541;0.145459
200;100;0.496125;0.147459
200;100;0.518500;0.154250
200;100;0.527666;0.151750
200;100;0.500708;0.150833
200;100;0.482084;0.145291
200;100;0.481958;0.147875
200;100;0.491000;0.147209
200;100;0.467500;0.144291
200;100;0.511083;0.150291
200;100;0.460042;0.143167
200;100;0.492334;0.147042
200;100;0.511334;0.149334
200;100;0.478333;0.144500
200;100;0.471000;0.143416
200;200;0.505250;0.164875
200;200;0.536375;0.169083
200;200;0.512125;0.165917
200;200;0.552375;0.172625
200;200;0.505667;0.164250
200;200;0.479000;0.160292
200;200;0.526625;0.167458
200;200;0.546166;0.171458
200;200;0.508125;0.165042
200;200;0.548791;0.172000
200;200;0.541708;0.170625
200;200;0.522125;0.167500
200;200;0.490500;0.162334
200;200;0.548375;0.172000
200;200;0.567083;0.174875
200;200;0.508416;0.165125
200;200;0.554292;0.173334
200;200;0.561750;0.176459
200;200;0.496250;0.163333
200;200;0.524208;0.167542
200;300;0.536542;0.207166
200;300;0.521875;0.202750
200;300;0.533125;0.203417
200;300;0.501083;0.194541
200;300;0.545458;0.206250
200;300;0.533833;0.202750
200;300;0.510000;0.196375
200;300;0.580375;0.213625
200;300;0.538125;0.203208
200;300;0.531625;0.202875
200;300;0.549667;0.206291
200;300;0.534625;0.202792
200;300;0.542709;0.204334
200;300;0.545084;0.204875
200;300;0.576417;0.214959
200;300;0.516292;0.197750
200;300;0.518375;0.198291
200;300;0.544584;0.205625
200;300;0.529209;0.200708
200;300;0.560209;0.206625
200;500;0.607042;0.249792
200;500;0.597666;0.243542
200;500;0.615000;0.248167
200;500;0.632042;0.252459
200;500;0.583667;0.237000
200;500;0.584625;0.237166
200;500;0.573500;0.237584
200;500;0.621458;0.249167
200;500;0.503375;0.215959
200;500;0.604375;0.243667
200;500;0.588209;0.239333
200;500;0.517875;0.230041
200;500;0.590833;0.239292
200;500;0.600875;0.243458
200;500;0.572833;0.235750
200;500;0.631125;0.250417
200;500;0.565875;0.232250
200;500;0.530000;0.235042
200;500;0.557750;0.230875
200;500;0.567250;0.233833
200;1000;0.673375;0.316500
200;1000;0.738416;0.351375
200;1000;0.705500;0.340083
200;1000;0.810250;0.380500
200;1000;0.710750;0.338667
200;1000;0.696375;0.329750
200;1000;0.696667;0.329208
200;1000;0.665584;0.315958
200;1000;0.679000;0.324125
200;1000;0.723000;0.337542
200;1000;0.766916;0.338208
200;1000;0.674500;0.318583
200;1000;0.695459;0.328500
200;1000;0.635792;0.297166
200;1000;0.694709;0.325458
200;1000;0.658375;0.317125
200;1000;0.644042;0.321667
200;1000;0.643208;0.305416
200;1000;0.734958;0.343792
200;1000;0.693834;0.333500
500;1;2.653625;0.425708
500;1;2.615708;0.417959
500;1;2.881959;0.431708
500;1;2.636833;0.419333
500;1;2.544125;0.411709
500;1;2.789875;0.431166
500;1;2.538250;0.411667
500;1;2.598166;0.414959
500;1;2.654208;0.431125
500;1;2.605500;0.418708
500;1;2.546625;0.411958
500;1;2.730791;0.424375
500;1;2.695583;0.422916
500;1;2.615500;0.417417
500;1;2.704042;0.424583
500;1;2.799292;0.427916
500;1;2.745542;0.426542
500;1;2.716167;0.423500
500;1;2.582083;0.420333
500;1;2.672167;0.424792
500;2;2.689584;0.436458
500;2;2.709125;0.443084
500;2;2.902959;0.447875
500;2;2.867750;0.441625
500;2;2.803459;0.437958
500;2;2.879500;0.447792
500;2;2.522000;0.422125
500;2;2.761709;0.433959
500;2;2.844291;0.446709
500;2;2.938500;0.451916
500;2;2.909042;0.448000
500;2;2.909334;0.446791
500;2;2.756000;0.443959
500;2;2.730041;0.437125
500;2;2.893083;0.450167
500;2;2.762125;0.441417
500;2;2.768875;0.436917
500;2;2.787041;0.451916
500;2;2.794542;0.442917
500;2;2.757542;0.439417
500;5;2.851000;0.447500
500;5;2.898208;0.449375
500;5;2.842583;0.442500
500;5;2.914084;0.452416
500;5;2.913417;0.449875
500;5;2.804750;0.441875
500;5;2.880834;0.447916
500;5;2.952625;0.448833
500;5;2.738458;0.437625
500;5;2.878250;0.446125
500;5;2.665125;0.430667
500;5;2.756208;0.442042
500;5;2.682833;0.438917
500;5;2.715125;0.432958
500;5;2.836834;0.443208
500;5;2.869083;0.448417
500;5;2.750000;0.434792
500;5;2.911542;0.448083
500;5;2.728791;0.438625
500;5;2.803583;0.447500
500;10;2.830125;0.442292
500;10;2.662792;0.433083
500;10;2.798583;0.439000
500;10;2.766917;0.436792
500;10;2.876875;0.449500
500;10;2.797416;0.438000
500;10;2.743708;0.436875
500;10;2.891125;0.448542
500;10;2.823375;0.440209
500;10;2.821958;0.444750
500;10;2.788000;0.444917
500;10;2.721000;0.432459
500;10;2.858500;0.446125
500;10;3.001875;0.453833
500;10;2.792417;0.442625
500;10;2.830958;0.443375
500;10;2.830625;0.441625
500;10;2.827500;0.442000
500;10;2.810458;0.442166
500;10;2.857375;0.444625
500;50;2.981208;0.723916
500;50;3.033292;0.732959
500;50;3.015417;0.730916
500;50;2.964125;0.719041
500;50;2.944208;0.718667
500;50;3.063500;0.727625
500;50;3.128583;0.750667
500;50;2.813291;0.695375
500;50;3.065209;0.738792
500;50;3.051542;0.730334
500;50;2.971250;0.725541
500;50;2.886708;0.706625
500;50;2.987166;0.723458
500;50;2.947625;0.714041
500;50;2.962333;0.715875
500;50;2.995042;0.726708
500;50;3.165333;0.755500
500;50;2.938084;0.719084
500;50;2.886375;0.714417
500;50;3.247458;0.763750
500;100;2.922834;0.638500
500;100;3.068000;0.658458
500;100;3.145709;0.675875
500;100;2.955708;0.643791
500;100;3.058917;0.660875
500;100;2.964875;0.646834
500;100;2.980916;0.645458
500;100;3.079083;0.663875
500;100;3.057875;0.660500
500;100;2.906209;0.637417
500;100;2.888166;0.639167
500;100;2.972917;0.648666
500;100;3.093625;0.666541
500;100;2.866042;0.629209
500;100;2.869625;0.636209
500;100;2.819208;0.626333
500;100;3.074583;0.661375
500;100;3.010750;0.653583
500;100;3.041417;0.665583
500;100;3.140709;0.673709
500;200;3.195750;0.787375
500;200;3.277250;0.795292
500;200;3.205708;0.788083
500;200;3.099166;0.766625
500;200;3.316000;0.803250
500;200;3.341625;0.807792
500;200;3.164917;0.778208
500;200;3.083125;0.764792
500;200;3.201959;0.785042
500;200;3.271333;0.801709
500;200;3.136959;0.771750
500;200;3.260292;0.798708
500;200;3.176792;0.777667
500;200;3.289667;0.800292
500;200;3.112458;0.768875
500;200;3.099833;0.762541
500;200;3.275958;0.797584
500;200;3.314542;0.810500
500;200;3.257459;0.801542
500;200;3.241334;0.791416
500;300;3.469250;1.055250
500;300;3.109709;0.954292
500;300;3.332292;1.020208
500;300;3.422334;1.068625
500;300;3.539917;1.071333
500;300;3.438750;1.091917
500;300;3.400625;1.032833
500;300;3.324625;1.008125
500;300;3.419292;1.032042
500;300;3.385666;1.027208
500;300;3.317542;1.041083
500;300;3.193209;0.987125
500;300;3.396959;1.054708
500;300;3.256500;1.007917
500;300;3.309208;1.012667
500;300;3.422458;1.046333
500;300;3.288334;1.022042
500;300;3.196708;0.989083
500;300;3.465750;1.059666
500;300;3.437834;1.043417
500;500;3.678417;1.363875
500;500;3.859000;1.425959
500;500;3.760959;1.391833
500;500;3.505667;1.289834
500;500;3.693291;1.358875
500;500;3.493000;1.296750
500;500;3.546875;1.330625
500;500;3.633084;1.346416
500;500;3.761584;1.396042
500;500;3.934959;1.444167
500;500;3.909333;1.439958
500;500;3.577792;1.336083
500;500;3.644041;1.354541
500;500;3.512583;1.298958
500;500;3.630792;1.347958
500;500;3.865083;1.425625
500;500;3.680708;1.360084
500;500;3.724833;1.376084
500;500;3.594083;1.335792
500;500;3.399916;1.261541
500;1000;4.454833;2.042916
500;1000;4.335792;1.992417
500;1000;4.467541;2.052375
500;1000;4.296750;1.980084
500;1000;4.424459;2.032333
500;1000;4.521709;2.058334
500;1000;4.459708;2.039417
500;1000;4.973292;2.258334
500;1000;4.458959;2.053750
500;1000;4.515167;2.081500
500;1000;4.481750;2.053500
500;1000;4.710125;2.149417
500;1000;4.624500;2.108625
500;1000;4.320084;1.981458
500;1000;4.407708;2.016291
500;1000;4.580708;2.101125
500;1000;4.546666;2.078875
500;1000;4.352208;2.065916
500;1000;4.498875;2.071125
500;1000;4.820333;2.151041
750;1;6.095292;0.807250
750;1;6.080833;0.813250
750;1;6.047292;0.810833
750;1;5.995958;0.800792
750;1;5.832167;0.793416
750;1;5.866625;0.786542
750;1;5.772292;0.784875
750;1;6.000500;0.800250
750;1;6.122541;0.811416
750;1;5.791209;0.792042
750;1;6.050375;0.800083
750;1;5.792792;0.791583
750;1;6.284750;0.817584
750;1;6.165375;0.816375
750;1;6.027042;0.798250
750;1;5.613750;0.777792
750;1;6.086583;0.806083
750;1;6.006417;0.807416
750;1;6.056541;0.801541
750;1;6.088292;0.812000
750;2;6.249417;0.840000
750;2;6.052750;0.829500
750;2;6.201167;0.834750
750;2;6.134542;0.830875
750;2;6.177208;0.837459
750;2;6.451792;0.858250
750;2;6.065833;0.829833
750;2;6.503125;0.857709
750;2;6.266250;0.838750
750;2;6.352000;0.846750
750;2;6.161416;0.836250
750;2;6.501000;0.855417
750;2;6.089208;0.829500
750;2;6.232292;0.833333
750;2;6.298791;0.827416
750;2;5.846875;0.810375
750;2;6.221750;0.833625
750;2;6.202125;0.837416
750;2;6.211958;0.837209
750;2;6.290875;0.841916
750;5;6.293292;0.843583
750;5;6.224250;0.835500
750;5;6.381750;0.847792
750;5;6.393208;0.858542
750;5;6.272375;0.840125
750;5;6.354250;0.846833
750;5;6.353458;0.848667
750;5;6.086166;0.824458
750;5;6.233208;0.836625
750;5;6.180833;0.835916
750;5;5.919333;0.815000
750;5;6.052375;0.824167
750;5;6.225250;0.834875
750;5;5.930875;0.820458
750;5;6.451208;0.852375
750;5;6.241542;0.839125
750;5;6.258042;0.842000
750;5;6.133708;0.827334
750;5;6.190917;0.834292
750;5;6.456084;0.857584
750;10;6.204209;0.830125
750;10;6.308334;0.837875
750;10;6.278625;0.841292
750;10;6.392792;0.847292
750;10;6.211167;0.845708
750;10;6.281875;0.840708
750;10;6.270334;0.837375
750;10;6.145583;0.829417
750;10;6.522833;0.857208
750;10;6.368250;0.849833
750;10;6.316083;0.839667
750;10;6.368917;0.845459
750;10;6.082250;0.826208
750;10;6.551042;0.857000
750;10;6.136541;0.832667
750;10;6.131250;0.829375
750;10;6.149459;0.830542
750;10;6.525583;0.854042
750;10;6.411125;0.853166
750;10;6.081958;0.824709
750;50;6.782833;1.497416
750;50;6.611583;1.459083
750;50;6.296208;1.403417
750;50;6.611917;1.461333
750;50;6.449167;1.440291
750;50;6.863958;1.494959
750;50;6.669083;1.469208
750;50;6.612209;1.470500
750;50;6.772833;1.517125
750;50;6.795958;1.491542
750;50;6.870000;1.501375
750;50;6.738125;1.489000
750;50;7.012875;1.529417
750;50;6.815042;1.557833
750;50;6.840625;1.584542
750;50;7.242625;1.562750
750;50;6.845583;1.462417
750;50;6.508625;1.449208
750;50;6.876958;1.473500
750;50;6.381500;1.422042
750;100;6.471542;1.281416
750;100;6.845875;1.331125
750;100;6.793042;1.350959
750;100;6.381416;1.269042
750;100;6.778459;1.320209
750;100;6.707583;1.307709
750;100;6.673917;1.306333
750;100;6.691958;1.374875
750;100;6.781584;1.319000
750;100;7.193292;1.365041
750;100;6.764500;1.324208
750;100;6.396084;1.265375
750;100;6.558708;1.284791
750;100;6.560333;1.288375
750;100;6.861334;1.342417
750;100;6.783750;1.324417
750;100;6.739000;1.328208
750;100;6.791959;1.343792
750;100;6.756250;1.320375
750;100;6.961500;1.349250
750;200;7.202375;1.663791
750;200;6.926083;1.583250
750;200;7.314916;1.687042
750;200;7.241375;1.649542
750;200;7.618208;1.726042
750;200;7.216166;1.656875
750;200;7.101708;1.635209
750;200;7.330125;1.662167
750;200;8.117667;2.018084
750;200;7.376083;1.672416
750;200;7.278083;1.641125
750;200;7.156709;1.631625
750;200;7.175125;1.630583
750;200;7.536417;1.698833
750;200;6.699625;1.541708
750;200;7.690542;1.724042
750;200;7.469875;1.688000
750;200;7.383875;1.679208
750;200;7.091833;1.632042
750;200;7.378458;1.665958
750;300;7.892000;2.335042
750;300;8.056083;2.316459
750;300;7.850666;2.302250
750;300;7.822167;2.382333
750;300;7.585459;2.241833
750;300;7.490709;2.209000
750;300;7.915416;2.322292
750;300;7.478750;2.238083
750;300;7.590625;2.234583
750;300;7.520750;2.203208
750;300;7.761292;2.306708
750;300;7.590208;2.217583
750;300;7.860500;2.294625
750;300;8.031459;2.365125
750;300;7.391250;2.238125
750;300;7.497958;2.202875
750;300;7.427375;2.195917
750;300;7.874291;2.317166
750;300;7.657084;2.261458
750;300;7.265459;2.145084
750;500;8.067292;2.974375
750;500;8.882542;3.177250
750;500;8.323959;3.056000
750;500;8.852417;3.261000
750;500;8.510084;3.119708
750;500;8.264958;3.043958
750;500;8.248958;3.021459
750;500;8.720334;3.179583
750;500;8.174208;3.014875
750;500;8.550041;3.122083
750;500;8.297583;3.057542
750;500;8.783458;3.220000
750;500;8.405875;3.127333
750;500;8.089917;2.974583
750;500;8.433167;3.100834
750;500;8.606125;3.162250
750;500;8.361959;3.079042
750;500;8.223042;3.032791
750;500;8.142458;3.009708
750;500;9.017125;3.286458
750;1000;10.852458;4.892833
750;1000;10.425375;4.737084
750;1000;9.980792;4.520041
750;1000;10.317000;4.656917
750;1000;10.256250;4.638125
750;1000;10.359667;4.690167
750;1000;10.054708;4.510792
750;1000;10.631458;4.789208
750;1000;10.488708;4.759000
750;1000;9.884042;4.486166
750;1000;10.245875;4.647625
750;1000;10.740791;4.855083
750;1000;10.605583;4.791125
750;1000;10.448334;4.734292
750;1000;10.258583;4.646125
750;1000;10.462666;4.741291
750;1000;10.279875;4.639792
750;1000;10.599000;4.798666
750;1000;10.316375;4.675834
750;1000;10.187583;4.600917
1000;1;10.434583;1.268375
1000;1;10.421750;1.272416
1000;1;10.949709;1.315792
1000;1;10.530584;1.274000
1000;1;10.228708;1.259000
1000;1;10.155625;1.255333
1000;1;10.538500;1.278833
1000;1;10.856625;1.530541
1000;1;12.198708;1.471750
1000;1;11.323500;1.450750
1000;1;12.373375;1.500959
1000;1;11.051000;1.305583
1000;1;10.517417;1.275417
1000;1;10.851833;1.309042
1000;1;10.728250;1.293125
1000;1;10.391000;1.277292
1000;1;10.600709;1.281125
1000;1;10.552375;1.284542
1000;1;10.658792;1.295833
1000;1;10.536208;1.280625
1000;2;10.717583;1.317958
1000;2;10.532792;1.306542
1000;2;10.832750;1.335000
1000;2;10.893750;1.335541
1000;2;11.010917;1.337792
1000;2;11.349500;1.370000
1000;2;11.387000;1.368708
1000;2;10.927166;1.335292
1000;2;10.996083;1.343000
1000;2;10.795916;1.328916
1000;2;11.221417;1.361833
1000;2;10.767125;1.330625
1000;2;11.345375;1.378375
1000;2;10.936208;1.336375
1000;2;11.654833;1.385125
1000;2;11.007041;1.345958
1000;2;11.071166;1.351916
1000;2;10.965250;1.337417
1000;2;11.214333;1.353667
1000;2;10.830541;1.327708
1000;5;10.994041;1.338083
1000;5;11.079542;1.346500
1000;5;11.042750;1.343917
1000;5;11.202125;1.355167
1000;5;11.335333;1.363791
1000;5;11.082458;1.346083
1000;5;11.717000;1.396167
1000;5;10.759500;1.319041
1000;5;11.009625;1.335541
1000;5;11.092250;1.371166
1000;5;10.596209;1.306583
1000;5;11.161084;1.350125
1000;5;10.922083;1.329917
1000;5;11.092333;1.344375
1000;5;11.214250;1.352625
1000;5;11.024417;1.337125
1000;5;11.393458;1.367125
1000;5;10.830917;1.326167
1000;5;10.777833;1.319042
1000;5;11.039209;1.340916
1000;10;11.108042;1.346125
1000;10;11.012959;1.340417
1000;10;11.081042;1.349542
1000;10;10.875708;1.346625
1000;10;11.149667;1.345958
1000;10;11.114291;1.349208
1000;10;10.735500;1.326625
1000;10;10.892708;1.334625
1000;10;11.096291;1.347167
1000;10;10.821667;1.328417
1000;10;11.257584;1.362208
1000;10;11.251667;1.354875
1000;10;10.827542;1.320500
1000;10;11.185417;1.352416
1000;10;10.981125;1.335083
1000;10;11.031083;1.333709
1000;10;11.176833;1.348417
1000;10;11.180167;1.350000
1000;10;11.025375;1.339791
1000;10;11.519708;1.381625
1000;50;11.891708;2.473916
1000;50;11.398166;2.402833
1000;50;11.207417;2.382250
1000;50;11.974834;2.497667
1000;50;11.749917;2.456166
1000;50;12.188750;2.553166
1000;50;11.910875;2.529375
1000;50;11.797500;2.470583
1000;50;11.783792;2.470209
1000;50;11.198417;2.388041
1000;50;11.965542;2.495459
1000;50;11.569000;2.428625
1000;50;12.091375;2.504209
1000;50;11.661333;2.442250
1000;50;11.816292;2.467334
1000;50;12.249416;2.525250
1000;50;11.670250;2.445208
1000;50;12.114958;2.520875
1000;50;12.081083;2.512792
1000;50;11.497209;2.428292
1000;100;11.659167;2.217625
1000;100;11.938625;2.251875
1000;100;11.592917;2.204667
1000;100;11.996875;2.279625
1000;100;12.445291;2.327666
1000;100;11.581875;2.206666
1000;100;12.153209;2.284500
1000;100;11.782667;2.236625
1000;100;11.629625;2.211417
1000;100;11.314959;2.168584
1000;100;12.209083;2.373083
1000;100;12.530958;2.290208
1000;100;12.187834;2.295084
1000;100;11.920917;2.293666
1000;100;12.413167;2.310000
1000;100;11.604875;2.262750
1000;100;12.008958;2.261625
1000;100;11.232542;2.140291
1000;100;11.637375;2.200917
1000;100;11.429708;2.182542
1000;200;12.448083;2.789333
1000;200;12.601416;2.855208
1000;200;13.116667;2.932792
1000;200;12.822125;2.841541
1000;200;13.007041;2.885458
1000;200;12.898208;2.877417
1000;200;13.017917;2.912667
1000;200;13.616625;3.016042
1000;200;13.054916;2.931291
1000;200;12.755041;2.843000
1000;200;13.235625;2.931291
1000;200;13.374042;2.964958
1000;200;12.730375;2.850709
1000;200;13.266750;2.941583
1000;200;12.525917;2.800834
1000;200;12.860583;2.871958
1000;200;13.117875;2.932625
1000;200;12.837666;3.004958
1000;200;13.018416;2.884541
1000;200;12.892667;2.873041
1000;300;14.204041;4.156625
1000;300;13.691666;4.042292
1000;300;13.639875;3.987750
1000;300;13.937167;4.099375
1000;300;13.458083;3.930458
1000;300;13.656500;4.025125
1000;300;13.953542;4.100167
1000;300;13.285542;3.978375
1000;300;13.781041;4.021125
1000;300;13.738709;4.032750
1000;300;13.008541;3.846084
1000;300;13.740875;4.040500
1000;300;13.285917;3.884917
1000;300;14.082167;4.133875
1000;300;13.882917;4.045750
1000;300;14.033667;4.089375
1000;300;14.115375;4.138708
1000;300;13.773292;4.057833
1000;300;14.332833;4.226458
1000;300;13.480792;3.960417
1000;500;15.032708;5.339167
1000;500;15.319875;5.521500
1000;500;15.304417;5.454875
1000;500;14.589042;5.258875
1000;500;14.776042;5.313375
1000;500;15.086417;5.407375
1000;500;14.788875;5.322417
1000;500;14.159542;5.125917
1000;500;14.595750;5.377750
1000;500;14.838084;5.481042
1000;500;15.087792;5.535583
1000;500;15.135250;5.575292
1000;500;15.306959;5.667459
1000;500;15.046291;5.541959
1000;500;14.536292;5.379333
1000;500;14.872750;5.492042
1000;500;15.348750;5.673542
1000;500;15.826833;5.822000
1000;500;15.204708;5.548209
1000;500;15.461333;5.716208
1000;1000;18.209500;8.101792
1000;1000;18.436958;8.237042
1000;1000;19.243000;8.604542
1000;1000;18.273292;8.119459
1000;1000;18.418667;8.159625
1000;1000;18.875083;8.386958
1000;1000;18.571667;8.268417
1000;1000;17.548834;7.828167
1000;1000;18.463750;8.151209
1000;1000;17.756792;7.874417
1000;1000;18.712292;8.306375
1000;1000;18.705792;8.268875
1000;1000;18.286667;8.121167
1000;1000;18.348292;8.173083
1000;1000;17.919458;7.971125
1000;1000;18.437625;8.194292
1000;1000;18.592250;8.305375
1000;1000;18.343625;8.143708
1000;1000;18.594167;8.291583
1000;1000;18.418667;8.217292
2000;1;42.517916;4.242917
2000;1;41.579083;4.183875
2000;1;41.768750;4.213000
2000;1;42.805167;4.252208
2000;1;47.343417;8.629959
2000;1;46.787625;4.147667
2000;1;41.065667;4.216583
2000;1;42.625042;4.241083
2000;1;43.436458;4.304292
2000;1;40.720291;4.104500
2000;1;42.295625;4.228833
2000;1;42.238250;4.262209
2000;1;42.461375;4.312583
2000;1;43.142208;4.282500
2000;1;43.484500;4.307167
2000;1;41.842167;4.175791
2000;1;41.976542;4.215459
2000;1;42.637875;4.308084
2000;1;43.251083;4.312916
2000;1;42.403708;4.286208
2000;2;44.773833;4.489916
2000;2;44.240084;4.434708
2000;2;43.551750;4.397542
2000;2;45.630709;4.484041
2000;2;45.181708;4.451625
2000;2;44.911666;4.638875
2000;2;44.089041;4.407292
2000;2;43.563750;4.361291
2000;2;44.454167;4.456333
2000;2;43.786375;4.435166
2000;2;44.126166;4.495417
2000;2;45.463167;4.571875
2000;2;44.349834;4.516167
2000;2;44.698875;4.606291
2000;2;47.690459;5.201125
2000;2;51.400667;4.468750
2000;2;44.655208;4.421458
2000;2;44.857500;4.445542
2000;2;44.590917;4.340500
2000;2;45.692542;4.983834
2000;5;45.331167;4.461875
2000;5;43.418750;4.330417
2000;5;45.430458;4.528250
2000;5;45.318666;4.552166
2000;5;46.056750;4.577250
2000;5;44.686500;4.424625
2000;5;45.981458;4.595250
2000;5;44.276458;4.424709
2000;5;43.544375;4.367750
2000;5;44.605500;4.461917
2000;5;44.880167;4.478208
2000;5;44.855459;4.522667
2000;5;44.931875;4.558375
2000;5;45.087458;4.528750
2000;5;44.624834;4.479458
2000;5;44.590000;4.428750
2000;5;43.604125;4.441625
2000;5;45.012458;4.557458
2000;5;45.355375;4.592459
2000;5;43.689792;4.425459
2000;10;44.519125;4.521667
2000;10;44.500333;4.556750
2000;10;44.514625;4.500625
2000;10;43.760125;4.442625
2000;10;44.085375;4.457084
2000;10;45.046667;4.497125
2000;10;44.875875;4.406584
2000;10;45.454709;4.449625
2000;10;43.327083;4.331958
2000;10;44.911041;4.474375
2000;10;44.951125;4.497666
2000;10;44.124083;4.436417
2000;10;43.349125;4.343083
2000;10;45.086750;4.494917
2000;10;45.150542;4.491917
2000;10;44.864666;4.489458
2000;10;43.166125;4.362667
2000;10;44.900834;4.475875
2000;10;44.781417;4.493875
2000;10;44.527625;4.483417
2000;50;47.641667;9.047958
2000;50;48.990833;9.194583
2000;50;46.565000;8.854083
2000;50;47.001125;8.868250
2000;50;46.278000;8.767792
2000;50;46.556584;8.817667
2000;50;47.558208;9.021041
2000;50;47.428250;8.957083
2000;50;46.566667;8.801042
2000;50;45.755250;8.748958
2000;50;47.018583;8.923041
2000;50;48.145208;9.102500
2000;50;47.302792;8.969208
2000;50;47.442167;9.615833
2000;50;47.993625;9.123375
2000;50;48.477834;9.140084
2000;50;46.132625;8.825750
2000;50;46.929125;8.862666
2000;50;47.318125;8.940375
2000;50;47.455792;8.973375
2000;100;46.848416;8.163250
2000;100;47.909958;8.501833
2000;100;48.305000;8.315291
2000;100;47.588167;8.231250
2000;100;47.598708;8.189417
2000;100;48.258292;8.302792
2000;100;47.645917;8.246917
2000;100;46.746791;8.071458
2000;100;48.019542;8.315750
2000;100;48.280292;8.288458
2000;100;48.448917;8.364250
2000;100;47.252625;8.179875
2000;100;46.204208;8.025875
2000;100;48.142916;8.333959
2000;100;47.818167;8.265042
2000;100;49.619459;8.548542
2000;100;47.866584;8.223708
2000;100;48.583542;8.488291
2000;100;48.626583;8.405834
2000;100;47.444250;8.183625
2000;200;53.867625;11.359625
2000;200;53.624584;11.415833
2000;200;52.654459;11.222875
2000;200;51.626292;11.104417
2000;200;52.569542;11.196542
2000;200;51.794125;11.104167
2000;200;53.305750;11.439334
2000;200;53.387583;11.446500
2000;200;53.378083;11.373708
2000;200;52.012833;11.132875
2000;200;53.560375;11.449667
2000;200;51.749209;11.122000
2000;200;49.902375;10.677958
2000;200;51.098875;10.873667
2000;200;53.047292;11.331833
2000;200;52.464250;11.174875
2000;200;53.352083;11.423167
2000;200;52.458500;11.229417
2000;200;52.047167;11.107917
2000;200;52.931167;11.261917
2000;300;57.028875;16.443375
2000;300;54.112792;15.655583
2000;300;57.641834;16.722250
2000;300;55.433250;16.070500
2000;300;57.460750;16.637792
2000;300;54.707791;16.066750
2000;300;55.231000;15.994125
2000;300;54.869000;15.977166
2000;300;56.181500;16.300666
2000;300;56.590167;16.298375
2000;300;54.813750;15.924208
2000;300;54.464584;15.806459
2000;300;54.530375;15.777958
2000;300;56.293958;16.215167
2000;300;56.365417;16.237292
2000;300;54.414125;15.758166
2000;300;55.439083;16.056750
2000;300;55.371667;15.955958
2000;300;55.504542;16.071625
2000;300;55.668792;16.162667
2000;500;61.989875;21.406958
2000;500;62.104000;21.306417
2000;500;62.577167;21.161208
2000;500;60.586083;20.775208
2000;500;61.579458;21.622709
2000;500;61.205125;21.635792
2000;500;59.578709;20.464291
2000;500;61.464417;20.999792
2000;500;61.959833;21.476292
2000;500;61.633333;21.413292
2000;500;62.831917;21.201416
2000;500;61.125083;20.934542
2000;500;62.170583;21.528791
2000;500;62.442625;21.357167
2000;500;63.200208;21.774042
2000;500;60.517292;21.143500
2000;500;61.073667;21.058791
2000;500;59.561500;20.610833
2000;500;60.858917;20.922250
2000;500;61.515875;21.675875
2000;1000;73.704750;31.825792
2000;1000;74.134458;32.211875
2000;1000;74.030458;32.080291
2000;1000;74.383000;32.229250
2000;1000;72.610458;31.303250
2000;1000;73.073000;31.599042
2000;1000;72.626750;31.259000
2000;1000;73.586167;31.853750
2000;1000;73.644125;32.033417
2000;1000;73.194459;31.980583
2000;1000;72.291375;31.234000
2000;1000;73.306208;31.607583
2000;1000;71.348875;30.845916
2000;1000;73.110500;31.715250
2000;1000;74.107625;31.984000
2000;1000;73.538500;31.674208
2000;1000;72.176167;31.252667
2000;1000;73.849459;31.722750
2000;1000;72.753292;31.670708
2000;1000;72.482584;31.425917
